{
 "cells": [
  {
   "cell_type": "code",
   "execution_count": 1,
   "metadata": {},
   "outputs": [],
   "source": [
    "import pandas as pd\n",
    "import numpy as np\n",
    "import math\n",
    "from sklearn.preprocessing import StandardScaler\n",
    "from tqdm import tqdm"
   ]
  },
  {
   "cell_type": "markdown",
   "metadata": {},
   "source": [
    "## Leitura"
   ]
  },
  {
   "cell_type": "code",
   "execution_count": 192,
   "metadata": {},
   "outputs": [],
   "source": [
    "mfeat = pd.read_csv(\"mfeat/mfeat-fac\", delimiter=\"\\0\", sep=\"\\0\", header=None )"
   ]
  },
  {
   "cell_type": "markdown",
   "metadata": {},
   "source": [
    "mfeat"
   ]
  },
  {
   "cell_type": "markdown",
   "metadata": {},
   "source": [
    "### Pré-processamento dos dados"
   ]
  },
  {
   "cell_type": "code",
   "execution_count": 209,
   "metadata": {},
   "outputs": [],
   "source": [
    "exemplos = mfeat.values"
   ]
  },
  {
   "cell_type": "code",
   "execution_count": 206,
   "metadata": {},
   "outputs": [
    {
     "data": {
      "text/plain": [
       "array(['   98  236  531  673  607  647    2    9    3    6    8    5  225  517  652  624  628  994    7   22   28   13   10   19  305  481  667  663 1009  727   38   28   18   11   20   10  287  567  651  742  824  900   26   34   30    8   16   13  248  556  631  796  926  748   39   34   18    9   17   12  248  540  506  814 1051  728   38   28    5   13   16    8  246  518  751  579  699 1062   13   30   28   10   16   16  276  344  682  500  709  916   10   30   23   17   15   14  357  435  829  610  745  994   20    7   24   12   10    9  355  409  477  886  976  723   30   24   14    7    7    8  290  352  435  753  894  751   29   29    2   13   13   14  260  286  562  698  665  757   11    8   15   14    9    9  238  292  586  698  733  707    9    6   15   11   10   16  294  406  654  644  741 1000   18   23   17    9   20   11  302  418  561  709  961  776   21   25   12   12   19   10  360  328  607  984 1186  599   29    7   14    6    9    9  362  314  924  733  601 1216    4    8   20   10    9    5  251  421  474  536  628  632   18   36    8   15   12   13'],\n",
       "      dtype=object)"
      ]
     },
     "execution_count": 206,
     "metadata": {},
     "output_type": "execute_result"
    }
   ],
   "source": [
    "exemplos[0]"
   ]
  },
  {
   "cell_type": "code",
   "execution_count": 211,
   "metadata": {
    "scrolled": true
   },
   "outputs": [],
   "source": [
    "processado = []\n",
    "\n",
    "for ex in exemplos:\n",
    "    a = ex\n",
    "    t = a[0].split(\" \")\n",
    "    exemplos1 = []\n",
    "    for ele in t:\n",
    "        if ele != \"\":\n",
    "            exemplos1.append(ele)\n",
    "    processado.append(exemplos1) \n",
    "    \n",
    "                   "
   ]
  },
  {
   "cell_type": "code",
   "execution_count": 212,
   "metadata": {},
   "outputs": [],
   "source": [
    "processado = np.array(processado).astype(int)"
   ]
  },
  {
   "cell_type": "markdown",
   "metadata": {},
   "source": [
    "# Normalização"
   ]
  },
  {
   "cell_type": "code",
   "execution_count": 219,
   "metadata": {},
   "outputs": [
    {
     "data": {
      "text/plain": [
       "array([-1.90735868e+00, -7.92743252e-01, -1.74027935e+00, -7.45227944e-01,\n",
       "       -6.83873898e-01, -4.40548586e-01, -1.53761801e+00, -1.27524552e+00,\n",
       "       -1.39099699e+00, -7.47907762e-01, -3.59697719e-01, -1.16155068e+00,\n",
       "       -8.39758661e-01,  2.13861740e+00, -2.30442337e-02, -5.85347215e-01,\n",
       "       -6.24935200e-01,  5.25902830e-01, -1.06986506e+00, -2.57732922e-01,\n",
       "        7.59707736e-01,  5.21342265e-01,  1.13761887e-01,  1.78278652e+00,\n",
       "        3.87780581e-01,  1.75387903e+00, -8.93563934e-01,  2.00610903e-01,\n",
       "        4.06879782e-01, -4.03328254e-02,  1.75766831e+00,  8.86350348e-01,\n",
       "       -1.62242990e-01,  5.22077539e-01,  2.14330199e+00,  3.40560749e-01,\n",
       "       -4.49004567e-01,  2.29170440e+00, -1.49564768e+00, -6.23336147e-01,\n",
       "        3.27997561e-01,  1.43791286e-01,  7.67024170e-01,  1.71639915e+00,\n",
       "        5.81042166e-01, -2.15834407e-01,  1.19028310e+00,  7.24129838e-01,\n",
       "       -9.21672584e-01,  2.07564977e+00, -1.45608248e+00, -2.20864015e-01,\n",
       "        3.66377287e-01,  1.18654938e-01,  1.55398534e+00,  1.61210337e+00,\n",
       "       -1.62242990e-01, -8.96417003e-03,  1.27620340e+00,  7.04462893e-01,\n",
       "       -3.20172042e-01,  2.92306871e+00, -1.31145446e+00,  3.15321324e-01,\n",
       "        4.25120029e-01,  8.88522436e-02,  1.56399115e+00,  1.20431980e+00,\n",
       "       -1.15335395e+00,  8.49403114e-01,  1.77813138e+00, -2.24732523e-01,\n",
       "       -6.86236356e-01,  2.31564965e+00, -1.57336876e-01, -5.37794441e-01,\n",
       "       -2.82707733e-01,  6.37662193e-01, -5.45309102e-01,  9.37553828e-01,\n",
       "        4.78398994e-01, -1.16196714e-01,  1.72709723e+00,  1.34861426e+00,\n",
       "       -7.59320612e-01,  2.32471439e-02, -3.55553010e-01, -7.03585800e-01,\n",
       "       -1.84426700e-01,  5.69313897e-01, -8.54524116e-01,  1.29993378e+00,\n",
       "        1.35992144e-01,  1.17490398e+00,  1.77562737e+00,  2.18486776e-01,\n",
       "       -2.44214518e-01,  1.45534713e+00,  7.85537401e-01, -8.13049742e-01,\n",
       "       -7.58196855e-02,  4.96886991e-01, -2.62265625e-01, -1.56983912e+00,\n",
       "        2.06988316e-01,  8.02275240e-01, -1.54552987e-01, -9.43514302e-01,\n",
       "       -3.22408948e-03,  1.76946059e+00, -1.82418344e+00,  1.31159542e+00,\n",
       "        2.35837402e-01, -5.77385485e-01,  1.02368986e+00,  7.70700188e-01,\n",
       "       -6.03638713e-01, -8.82760208e-01, -3.95758621e-01,  2.26858425e-01,\n",
       "       -5.35617055e-01,  6.66643323e-01, -1.31643179e+00,  2.89197121e-01,\n",
       "        2.49455127e-01,  4.17914564e-01,  1.04020460e+00,  1.19726292e+00,\n",
       "       -1.54210906e+00,  2.46519650e-01,  1.17632276e+00,  7.45317919e-01,\n",
       "       -5.04824253e-01,  1.40845802e-01, -1.82402206e+00, -7.41342527e-01,\n",
       "       -2.14080702e-01,  3.41767363e-01, -9.22775656e-01, -1.61913036e+00,\n",
       "       -2.36074958e-01,  5.65471220e-01,  2.10992012e-03,  3.13602253e-01,\n",
       "       -1.48460419e+00,  3.25682644e-03, -1.75336636e+00, -8.12883991e-01,\n",
       "        7.35119587e-02,  2.84560756e-01, -1.14693564e+00, -1.97818145e+00,\n",
       "       -2.19118502e-01,  5.28271401e-01,  1.74199882e-01,  8.70846354e-01,\n",
       "       -2.62336906e-01,  1.09253283e+00,  4.79174219e-01, -3.26754372e-01,\n",
       "       -2.24492985e-01,  6.51572592e-01,  1.02565683e-01,  2.35129908e-01,\n",
       "       -1.90444247e-01, -2.61125576e-01,  2.14330199e+00,  3.61035113e-01,\n",
       "        2.10814901e-01,  1.31412364e+00, -1.19929415e+00,  1.12391794e+00,\n",
       "        1.73300875e-01,  2.33320667e-01,  3.94192300e-01,  6.56726112e-01,\n",
       "       -5.08946030e-01,  9.05042279e-01,  1.97860480e+00,  4.94902124e-02,\n",
       "        1.04930495e-02, -6.58454858e-01, -1.79627511e+00,  1.02762044e+00,\n",
       "        3.61477313e-01, -5.97763790e-01,  1.04020460e+00, -1.60575291e+00,\n",
       "       -8.77904635e-01, -6.63078211e-01, -3.95845573e-01,  3.64876326e-02,\n",
       "       -3.37364120e-01, -1.02408099e+00,  6.67583118e-01, -7.82532402e-01,\n",
       "       -6.49767746e-01,  7.73762436e-01, -1.75531993e+00, -1.54435777e+00,\n",
       "       -5.70627284e-02, -2.24955578e-02, -8.74419837e-01, -1.12282901e+00,\n",
       "       -1.44958291e+00,  1.44260691e+00, -1.75652845e+00, -8.95902335e-01,\n",
       "       -2.33589320e-01, -6.69620168e-01,  4.47007560e-02,  1.80643766e+00,\n",
       "       -1.63386578e+00,  1.17558452e+00, -8.58695107e-01, -9.76051320e-02])"
      ]
     },
     "execution_count": 219,
     "metadata": {},
     "output_type": "execute_result"
    }
   ],
   "source": [
    "scaler = StandardScaler()\n",
    "scaler.fit(processado)\n",
    "processado = scaler.transform(processado)\n",
    "processado[0]"
   ]
  },
  {
   "cell_type": "code",
   "execution_count": 196,
   "metadata": {},
   "outputs": [],
   "source": [
    "def dist_euclidiana(v1, v2):\n",
    "    dim, soma = len(v1), 0\n",
    "    for i in range(dim):\n",
    "        soma += math.pow(v1[i] - v2[i], 2)\n",
    "    return math.sqrt(soma)"
   ]
  },
  {
   "cell_type": "code",
   "execution_count": 199,
   "metadata": {},
   "outputs": [],
   "source": [
    "matriz = []\n",
    "\n",
    "for i in range(10):\n",
    "    lista = []\n",
    "    for j in range(10):\n",
    "        if i != j:\n",
    "            lista.append(dist_euclidiana(a[i], a[j]))\n",
    "        else:\n",
    "            lista.append(0)\n",
    "    matriz.append(lista)\n",
    "      print 'Progress: {}/{} members processed'.format(membersProcessed, len(members)"
   ]
  },
  {
   "cell_type": "code",
   "execution_count": 202,
   "metadata": {},
   "outputs": [],
   "source": [
    "matriz = np.asmatrix(matriz)"
   ]
  },
  {
   "cell_type": "code",
   "execution_count": 205,
   "metadata": {},
   "outputs": [
    {
     "data": {
      "text/plain": [
       "matrix([[   0.        ,  566.27378537,  633.99526812,  473.83119357,\n",
       "          729.02674848, 1166.17494399,  379.07519043,  538.33075335,\n",
       "          521.54577939,  548.67476705],\n",
       "        [ 566.27378537,    0.        ,  457.2089238 ,  507.04832117,\n",
       "          494.92827763,  897.25915989,  595.38558935,  510.5115082 ,\n",
       "          706.58615894,  504.25588742],\n",
       "        [ 633.99526812,  457.2089238 ,    0.        ,  520.94721422,\n",
       "          649.13943032, 1056.81124142,  627.4519902 ,  573.77870299,\n",
       "          812.99938499,  405.83001368],\n",
       "        [ 473.83119357,  507.04832117,  520.94721422,    0.        ,\n",
       "          491.06822337,  864.18516534,  587.8792393 ,  451.49529344,\n",
       "          808.72863187,  560.99554365],\n",
       "        [ 729.02674848,  494.92827763,  649.13943032,  491.06822337,\n",
       "            0.        ,  650.86096826,  724.15329869,  382.65389061,\n",
       "          907.55165142,  704.28119384],\n",
       "        [1166.17494399,  897.25915989, 1056.81124142,  864.18516534,\n",
       "          650.86096826,    0.        , 1194.72423596,  857.28175065,\n",
       "         1326.91446597, 1174.67782817],\n",
       "        [ 379.07519043,  595.38558935,  627.4519902 ,  587.8792393 ,\n",
       "          724.15329869, 1194.72423596,    0.        ,  573.72641564,\n",
       "          312.56359353,  398.57496158],\n",
       "        [ 538.33075335,  510.5115082 ,  573.77870299,  451.49529344,\n",
       "          382.65389061,  857.28175065,  573.72641564,    0.        ,\n",
       "          779.00064185,  612.80665793],\n",
       "        [ 521.54577939,  706.58615894,  812.99938499,  808.72863187,\n",
       "          907.55165142, 1326.91446597,  312.56359353,  779.00064185,\n",
       "            0.        ,  576.38008293],\n",
       "        [ 548.67476705,  504.25588742,  405.83001368,  560.99554365,\n",
       "          704.28119384, 1174.67782817,  398.57496158,  612.80665793,\n",
       "          576.38008293,    0.        ]])"
      ]
     },
     "execution_count": 205,
     "metadata": {},
     "output_type": "execute_result"
    }
   ],
   "source": [
    "matriz"
   ]
  },
  {
   "cell_type": "code",
   "execution_count": null,
   "metadata": {},
   "outputs": [],
   "source": []
  }
 ],
 "metadata": {
  "kernelspec": {
   "display_name": "Python 3",
   "language": "python",
   "name": "python3"
  },
  "language_info": {
   "codemirror_mode": {
    "name": "ipython",
    "version": 3
   },
   "file_extension": ".py",
   "mimetype": "text/x-python",
   "name": "python",
   "nbconvert_exporter": "python",
   "pygments_lexer": "ipython3",
   "version": "3.6.8"
  }
 },
 "nbformat": 4,
 "nbformat_minor": 2
}
